branch: 2, value: [107]
branch: 2, value: [107]
branch: 2, value: [102, 105, 101, 108, 100, 48]
branch: 2, value: [102, 105, 101, 108, 100, 55, 48]
branch: 2, value: [102, 105, 101, 108, 100, 49, 51, 55]
branch: 2, value: [116, 114, 105, 109, 32, 102, 105, 101, 108, 100, 48]
branch: 2, value: [116, 114, 105, 109, 32, 102, 105, 101, 108, 100, 53, 51]
branch: 2, value: [116, 114, 105, 109, 32, 102, 105, 101, 108, 100, 49, 48, 53]
branch: 2, value: [107]
branch: 2, value: [107, 49]
branch: 3, value: [45, 50]